OK
OK
OK
OK
OK
    0.00    0.00    0.00    0.00    0.00    0.00    0.00    0.00    0.00    0.00
    0.00    0.00    0.00    0.00    0.00    0.00    0.00    0.00    0.00    0.00
    0.00    0.00    0.00    0.00    0.00    0.00    0.00    0.00    0.00    0.00
    0.00    0.00    0.00    0.00    0.00    0.00    0.00    0.00    0.00    0.00
    0.00    0.00    0.00    0.00    0.00    0.00    0.00    0.00    0.00    0.00
    0.00    0.00    0.00    0.00    0.00    0.00    0.00    0.00    0.00    0.00
    0.00    0.00    0.00    0.00    0.00    0.00    0.00    0.00    0.00    0.00
    0.00    0.00    0.00    0.00    0.00    0.00    0.00    0.00    0.00    0.00
    0.00    0.00    0.00    0.00    0.00    0.00    0.00    0.00    0.00    0.00
    0.00    0.00    0.00    0.00    0.00    0.00    0.00    0.00    0.00    0.00

    0.00    0.00    0.00    0.00    0.00    0.00    0.00    0.00    0.00    0.00
    0.00    0.00    0.00    0.00    0.00    0.00    0.00    0.00    0.00    0.00
    0.00    0.00    0.00    0.00    0.00    0.00    0.00    0.00    0.00    0.00
    0.00    0.00    0.00    0.00    0.00    0.00    0.00    0.00    0.00    0.00
    0.00    0.00    0.00    0.00    0.00    0.00    0.00    0.00    0.00    0.00
    0.00    0.00    0.00    0.00    0.00    0.00    0.00    0.00    0.00    0.00
    0.00    0.00    0.00    0.00    0.00    0.00    0.00    0.00    0.00    0.00
    0.00    0.00    0.00    0.00    0.00    0.00    0.00    0.00    0.00    0.00
    0.00    0.00    0.00    0.00    0.00    0.00    0.00    0.00    0.00    0.00
    0.00    0.00    0.00    0.00    0.00    0.00    0.00    0.00    0.00    0.00

    0.00    0.00    0.00    0.00    0.00    0.00    0.00    0.00    0.00    0.00
    0.00    0.00    0.00    0.00    0.00    0.00    0.00    0.00    0.00    0.00
    0.00    0.00    0.00    0.00    0.00    0.00    0.00    0.00    0.00    0.00
    0.00    0.00    0.00    0.00    0.00    0.00    0.00    0.00    0.00    0.00
    0.00    0.00    0.00    0.00    0.00    0.00    0.00    0.00    0.00    0.00
    0.00    0.00    0.00    0.00    0.00    0.00    0.00    0.00    0.00    0.00
    0.00    0.00    0.00    0.00    0.00    0.00    0.00    0.00    0.00    0.00
    0.00    0.00    0.00    0.00    0.00    0.00    0.00    0.00    0.00    0.00
    0.00    0.00    0.00    0.00    0.00    0.00    0.00    0.00    0.00    0.00
    0.00    0.00    0.00    0.00    0.00    0.00    0.00    0.00    0.00    0.00

OK
OK
OK
ERRO
OK
OK
    0.00    0.00    0.00

ERRO
OK
ERRO
    0.00

    0.00    0.00    0.00    0.00    0.00    0.00    0.00    0.00    0.00    0.00
    0.00    0.00    0.00    0.00    0.00    0.00    0.00    0.00    0.00    0.00
    0.00    0.00    0.00    0.00    0.00  999.00    0.00    0.00    0.00    0.00
    0.00    0.00    0.00    0.00    0.00    0.00    0.00    0.00    0.00    0.00
    0.00    0.00    0.00    0.00    0.00    0.00    0.00    0.00    0.00    0.00
    0.00    0.00    0.00    0.00    0.00    0.00    0.00    0.00    0.00    0.00
    0.00    0.00    0.00    0.00    0.00    0.00    0.00    0.00    0.00    0.00
    0.00    0.00    0.00    0.00    0.00    0.00    0.00    0.00    0.00    0.00
    0.00    0.00    0.00    0.00    0.00    0.00    0.00    0.00    0.00    0.00
    0.00    0.00    0.00    0.00    0.00    0.00    0.00    0.00    0.00    0.00

OK
ERRO
ERRO
ERRO
    0.00    0.00    0.00    0.00    0.00    0.00    0.00    0.00    0.00    0.00
    0.00    0.00    0.00    0.00    0.00    0.00    0.00    0.00    0.00    0.00
    0.00    0.00    0.00    0.00    0.00    0.00    0.00    0.00    0.00    0.00
    1.00    2.00    3.00    4.00    5.00    6.00    7.00    8.00    9.00    0.00
    0.00    0.00    0.00    0.00    0.00    0.00    0.00    0.00    0.00    0.00
    0.00    0.00    0.00    0.00    0.00    0.00    0.00    0.00    0.00    0.00
    0.00    0.00    0.00    0.00    0.00    0.00    0.00    0.00    0.00    0.00
    0.00    0.00    0.00    0.00    0.00    0.00    0.00    0.00    0.00    0.00
    0.00    0.00    0.00    0.00    0.00    0.00    0.00    0.00    0.00    0.00
    0.00    0.00    0